  0.00100 0.99999993E-03
  0.00200 0.19999987E-02
  0.00300 0.29999956E-02
  0.00400 0.39999895E-02
  0.00500 0.49999789E-02
  0.00600 0.59999642E-02
  0.00700 0.69999429E-02
  0.00800 0.79999147E-02
  0.00900 0.89998776E-02
  0.01000 0.99998331E-02
  0.01100 0.10999778E-01
  0.01200 0.11999713E-01
  0.01300 0.12999635E-01
  0.01400 0.13999544E-01
  0.01500 0.14999438E-01
  0.01600 0.15999319E-01
  0.01700 0.16999181E-01
  0.01800 0.17999027E-01
  0.01900 0.18998858E-01
  0.02000 0.19998668E-01
  0.02100 0.20998457E-01
  0.02200 0.21998227E-01
  0.02300 0.22997972E-01
  0.02400 0.23997698E-01
  0.02500 0.24997396E-01
  0.02600 0.25997072E-01
  0.02700 0.26996719E-01
  0.02800 0.27996343E-01
  0.02900 0.28995935E-01
  0.03000 0.29995501E-01
  0.03100 0.30995037E-01
  0.03200 0.31994540E-01
  0.03300 0.32994013E-01
  0.03400 0.33993449E-01
  0.03500 0.34992855E-01
  0.03600 0.35992224E-01
  0.03700 0.36991563E-01
  0.03800 0.37990857E-01
  0.03900 0.38990118E-01
  0.04000 0.39989334E-01
  0.04100 0.40988520E-01
  0.04200 0.41987654E-01
  0.04300 0.42986754E-01
  0.04400 0.43985806E-01
  0.04500 0.44984814E-01
  0.04600 0.45983776E-01
  0.04700 0.46982694E-01
  0.04800 0.47981575E-01
  0.04900 0.48980396E-01
  0.05000 0.49979169E-01
  0.05100 0.50977897E-01
  0.05200 0.51976569E-01
  0.05300 0.52975193E-01
  0.05400 0.53973760E-01
  0.05500 0.54972276E-01
  0.05600 0.55970736E-01
  0.05700 0.56969140E-01
  0.05800 0.57967484E-01
  0.05900 0.58965780E-01
  0.06000 0.59964005E-01
  0.06100 0.60962182E-01
  0.06200 0.61960291E-01
  0.06300 0.62958337E-01
  0.06400 0.63956320E-01
  0.06500 0.64954236E-01
  0.06600 0.65952100E-01
  0.06700 0.66949889E-01
  0.06800 0.67947611E-01
  0.06900 0.68945266E-01
  0.07000 0.69942847E-01
  0.07100 0.70940368E-01
  0.07200 0.71937807E-01
  0.07300 0.72935179E-01
  0.07400 0.73932484E-01
  0.07500 0.74929707E-01
  0.07600 0.75926863E-01
  0.07700 0.76923929E-01
  0.07800 0.77920936E-01
  0.07900 0.78917861E-01
  0.08000 0.79914689E-01
  0.08100 0.80911458E-01
  0.08200 0.81908144E-01
  0.08300 0.82904734E-01
  0.08400 0.83901256E-01
  0.08500 0.84897690E-01
  0.08600 0.85894033E-01
  0.08700 0.86890288E-01
  0.08800 0.87886468E-01
  0.08900 0.88882558E-01
  0.09000 0.89878559E-01
  0.09100 0.90874456E-01
  0.09200 0.91870278E-01
  0.09300 0.92866004E-01
  0.09400 0.93861632E-01
  0.09500 0.94857171E-01
  0.09600 0.95852621E-01
  0.09700 0.96847959E-01
  0.09800 0.97843207E-01
  0.09900 0.98838359E-01
  0.10000 0.99833421E-01
  0.10100 0.10082838E+00
  0.10200 0.10182322E+00
  0.10300 0.10281798E+00
  0.10400 0.10381263E+00
  0.10500 0.10480717E+00
  0.10600 0.10580161E+00
  0.10700 0.10679595E+00
  0.10800 0.10779017E+00
  0.10900 0.10878430E+00
  0.11000 0.10977830E+00
  0.11100 0.11077220E+00
  0.11200 0.11176600E+00
  0.11300 0.11275967E+00
  0.11400 0.11375324E+00
  0.11500 0.11474669E+00
  0.11600 0.11574002E+00
  0.11700 0.11673325E+00
  0.11800 0.11772636E+00
  0.11900 0.11871935E+00
  0.12000 0.11971220E+00
  0.12100 0.12070496E+00
  0.12200 0.12169759E+00
  0.12300 0.12269010E+00
  0.12400 0.12368248E+00
  0.12500 0.12467473E+00
  0.12600 0.12566687E+00
  0.12700 0.12665889E+00
  0.12800 0.12765077E+00
  0.12900 0.12864251E+00
  0.13000 0.12963414E+00
  0.13100 0.13062565E+00
  0.13200 0.13161701E+00
  0.13300 0.13260825E+00
  0.13400 0.13359936E+00
  0.13500 0.13459031E+00
  0.13600 0.13558115E+00
  0.13700 0.13657184E+00
  0.13800 0.13756241E+00
  0.13900 0.13855284E+00
  0.14000 0.13954312E+00
  0.14100 0.14053327E+00
  0.14200 0.14152327E+00
  0.14300 0.14251314E+00
  0.14400 0.14350285E+00
  0.14500 0.14449243E+00
  0.14600 0.14548187E+00
  0.14700 0.14647116E+00
  0.14800 0.14746031E+00
  0.14900 0.14844930E+00
  0.15000 0.14943814E+00
  0.15100 0.15042682E+00
  0.15200 0.15141538E+00
  0.15300 0.15240377E+00
  0.15400 0.15339200E+00
  0.15500 0.15438010E+00
  0.15600 0.15536804E+00
  0.15700 0.15635581E+00
  0.15800 0.15734345E+00
  0.15900 0.15833090E+00
  0.16000 0.15931821E+00
  0.16100 0.16030537E+00
  0.16200 0.16129234E+00
  0.16300 0.16227917E+00
  0.16400 0.16326584E+00
  0.16500 0.16425234E+00
  0.16600 0.16523866E+00
  0.16700 0.16622484E+00
  0.16800 0.16721085E+00
  0.16900 0.16819668E+00
  0.17000 0.16918235E+00
  0.17100 0.17016786E+00
  0.17200 0.17115319E+00
  0.17300 0.17213833E+00
  0.17400 0.17312333E+00
  0.17500 0.17410813E+00
  0.17600 0.17509279E+00
  0.17700 0.17607725E+00
  0.17800 0.17706154E+00
  0.17900 0.17804565E+00
  0.18000 0.17902958E+00
  0.18100 0.18001333E+00
  0.18200 0.18099691E+00
  0.18300 0.18198031E+00
  0.18400 0.18296352E+00
  0.18500 0.18394653E+00
  0.18600 0.18492939E+00
  0.18700 0.18591206E+00
  0.18800 0.18689451E+00
  0.18900 0.18787679E+00
  0.19000 0.18885890E+00
  0.19100 0.18984081E+00
  0.19200 0.19082254E+00
  0.19300 0.19180408E+00
  0.19400 0.19278540E+00
  0.19500 0.19376653E+00
  0.19600 0.19474748E+00
  0.19700 0.19572824E+00
  0.19800 0.19670880E+00
  0.19900 0.19768916E+00
  0.20000 0.19866933E+00
  0.20100 0.19964930E+00
  0.20200 0.20062909E+00
  0.20300 0.20160863E+00
  0.20400 0.20258801E+00
  0.20500 0.20356716E+00
  0.20600 0.20454614E+00
  0.20700 0.20552488E+00
  0.20800 0.20650344E+00
  0.20900 0.20748179E+00
  0.21000 0.20845990E+00
  0.21100 0.20943782E+00
  0.21200 0.21041556E+00
  0.21300 0.21139306E+00
  0.21400 0.21237037E+00
  0.21500 0.21334745E+00
  0.21600 0.21432430E+00
  0.21700 0.21530096E+00
  0.21800 0.21627741E+00
  0.21900 0.21725364E+00
  0.22000 0.21822962E+00
  0.22100 0.21920541E+00
  0.22200 0.22018097E+00
  0.22300 0.22115634E+00
  0.22400 0.22213146E+00
  0.22500 0.22310635E+00
  0.22600 0.22408105E+00
  0.22700 0.22505550E+00
  0.22800 0.22602974E+00
  0.22900 0.22700375E+00
  0.23000 0.22797754E+00
  0.23100 0.22895108E+00
  0.23200 0.22992440E+00
  0.23300 0.23089749E+00
  0.23400 0.23187035E+00
  0.23500 0.23284300E+00
  0.23600 0.23381539E+00
  0.23700 0.23478755E+00
  0.23800 0.23575950E+00
  0.23900 0.23673117E+00
  0.24000 0.23770264E+00
  0.24100 0.23867385E+00
  0.24200 0.23964484E+00
  0.24300 0.24061558E+00
  0.24400 0.24158609E+00
  0.24500 0.24255632E+00
  0.24600 0.24352634E+00
  0.24700 0.24449612E+00
  0.24800 0.24546565E+00
  0.24900 0.24643494E+00
  0.25000 0.24740395E+00
  0.25100 0.24837275E+00
  0.25200 0.24934129E+00
  0.25300 0.25030959E+00
  0.25400 0.25127763E+00
  0.25500 0.25224540E+00
  0.25600 0.25321296E+00
  0.25700 0.25418022E+00
  0.25800 0.25514725E+00
  0.25900 0.25611407E+00
  0.26000 0.25708055E+00
  0.26100 0.25804684E+00
  0.26200 0.25901282E+00
  0.26300 0.25997859E+00
  0.26400 0.26094407E+00
  0.26500 0.26190925E+00
  0.26600 0.26287425E+00
  0.26700 0.26383892E+00
  0.26800 0.26480341E+00
  0.26900 0.26576754E+00
  0.27000 0.26673144E+00
  0.27100 0.26769507E+00
  0.27200 0.26865846E+00
  0.27300 0.26962155E+00
  0.27400 0.27058437E+00
  0.27500 0.27154693E+00
  0.27600 0.27250925E+00
  0.27700 0.27347124E+00
  0.27800 0.27443302E+00
  0.27900 0.27539447E+00
  0.28000 0.27635565E+00
  0.28100 0.27731657E+00
  0.28200 0.27827722E+00
  0.28300 0.27923757E+00
  0.28400 0.28019768E+00
  0.28500 0.28115743E+00
  0.28600 0.28211698E+00
  0.28700 0.28307620E+00
  0.28800 0.28403515E+00
  0.28900 0.28499386E+00
  0.29000 0.28595221E+00
  0.29100 0.28691036E+00
  0.29200 0.28786814E+00
  0.29300 0.28882569E+00
  0.29400 0.28978291E+00
  0.29500 0.29073986E+00
  0.29600 0.29169652E+00
  0.29700 0.29265288E+00
  0.29800 0.29360896E+00
  0.29900 0.29456472E+00
  0.30000 0.29552022E+00
  0.30100 0.29647541E+00
  0.30200 0.29743028E+00
  0.30300 0.29838490E+00
  0.30400 0.29933918E+00
  0.30500 0.30029318E+00
  0.30600 0.30124688E+00
  0.30700 0.30220029E+00
  0.30800 0.30315337E+00
  0.30900 0.30410615E+00
  0.31000 0.30505866E+00
  0.31100 0.30601084E+00
  0.31200 0.30696270E+00
  0.31300 0.30791426E+00
  0.31400 0.30886555E+00
  0.31500 0.30981645E+00
  0.31600 0.31076714E+00
  0.31700 0.31171745E+00
  0.31800 0.31266746E+00
  0.31900 0.31361720E+00
  0.32000 0.31456655E+00
  0.32100 0.31551567E+00
  0.32200 0.31646442E+00
  0.32300 0.31741288E+00
  0.32400 0.31836098E+00
  0.32500 0.31930879E+00
  0.32600 0.32025629E+00
  0.32700 0.32120344E+00
  0.32800 0.32215032E+00
  0.32900 0.32309684E+00
  0.33000 0.32404304E+00
  0.33100 0.32498893E+00
  0.33200 0.32593447E+00
  0.33300 0.32687971E+00
  0.33400 0.32782459E+00
  0.33500 0.32876918E+00
  0.33600 0.32971343E+00
  0.33700 0.33065736E+00
  0.33800 0.33160090E+00
  0.33900 0.33254418E+00
  0.34000 0.33348712E+00
  0.34100 0.33442968E+00
  0.34200 0.33537197E+00
  0.34300 0.33631384E+00
  0.34400 0.33725545E+00
  0.34500 0.33819669E+00
  0.34600 0.33913755E+00
  0.34700 0.34007815E+00
  0.34800 0.34101838E+00
  0.34900 0.34195828E+00
  0.35000 0.34289780E+00
  0.35100 0.34383702E+00
  0.35200 0.34477586E+00
  0.35300 0.34571436E+00
  0.35400 0.34665257E+00
  0.35500 0.34759036E+00
  0.35600 0.34852785E+00
  0.35700 0.34946495E+00
  0.35800 0.35040173E+00
  0.35900 0.35133818E+00
  0.36000 0.35227424E+00
  0.36100 0.35320997E+00
  0.36200 0.35414532E+00
  0.36300 0.35508037E+00
  0.36400 0.35601500E+00
  0.36500 0.35694930E+00
  0.36600 0.35788324E+00
  0.36700 0.35881686E+00
  0.36800 0.35975006E+00
  0.36900 0.36068293E+00
  0.37000 0.36161545E+00
  0.37100 0.36254758E+00
  0.37200 0.36347938E+00
  0.37300 0.36441079E+00
  0.37400 0.36534187E+00
  0.37500 0.36627254E+00
  0.37600 0.36720285E+00
  0.37700 0.36813283E+00
  0.37800 0.36906239E+00
  0.37900 0.36999163E+00
  0.38000 0.37092048E+00
  0.38100 0.37184897E+00
  0.38200 0.37277707E+00
  0.38300 0.37370479E+00
  0.38400 0.37463215E+00
  0.38500 0.37555912E+00
  0.38600 0.37648576E+00
  0.38700 0.37741199E+00
  0.38800 0.37833786E+00
  0.38900 0.37926331E+00
  0.39000 0.38018844E+00
  0.39100 0.38111314E+00
  0.39200 0.38203749E+00
  0.39300 0.38296142E+00
  0.39400 0.38388500E+00
  0.39500 0.38480821E+00
  0.39600 0.38573101E+00
  0.39700 0.38665342E+00
  0.39800 0.38757545E+00
  0.39900 0.38849708E+00
  0.40000 0.38941836E+00
  0.40100 0.39033920E+00
  0.40200 0.39125970E+00
  0.40300 0.39217979E+00
  0.40400 0.39309949E+00
  0.40500 0.39401877E+00
  0.40600 0.39493766E+00
  0.40700 0.39585620E+00
  0.40800 0.39677429E+00
  0.40900 0.39769202E+00
  0.41000 0.39860934E+00
  0.41100 0.39952630E+00
  0.41200 0.40044278E+00
  0.41300 0.40135890E+00
  0.41400 0.40227464E+00
  0.41500 0.40318993E+00
  0.41600 0.40410486E+00
  0.41700 0.40501937E+00
  0.41800 0.40593350E+00
  0.41900 0.40684718E+00
  0.42000 0.40776047E+00
  0.42100 0.40867335E+00
  0.42200 0.40958583E+00
  0.42300 0.41049793E+00
  0.42400 0.41140956E+00
  0.42500 0.41232082E+00
  0.42600 0.41323167E+00
  0.42700 0.41414204E+00
  0.42800 0.41505206E+00
  0.42900 0.41596165E+00
  0.43000 0.41687086E+00
  0.43100 0.41777959E+00
  0.43200 0.41868791E+00
  0.43300 0.41959584E+00
  0.43400 0.42050335E+00
  0.43500 0.42141044E+00
  0.43600 0.42231709E+00
  0.43700 0.42322329E+00
  0.43800 0.42412913E+00
  0.43900 0.42503452E+00
  0.44000 0.42593947E+00
  0.44100 0.42684403E+00
  0.44200 0.42774811E+00
  0.44300 0.42865184E+00
  0.44400 0.42955506E+00
  0.44500 0.43045789E+00
  0.44600 0.43136030E+00
  0.44700 0.43226224E+00
  0.44800 0.43316379E+00
  0.44900 0.43406487E+00
  0.45000 0.43496549E+00
  0.45100 0.43586579E+00
  0.45200 0.43676555E+00
  0.45300 0.43766493E+00
  0.45400 0.43856382E+00
  0.45500 0.43946233E+00
  0.45600 0.44036034E+00
  0.45700 0.44125795E+00
  0.45800 0.44215512E+00
  0.45900 0.44305182E+00
  0.46000 0.44394812E+00
  0.46100 0.44484395E+00
  0.46200 0.44573936E+00
  0.46300 0.44663429E+00
  0.46400 0.44752875E+00
  0.46500 0.44842282E+00
  0.46600 0.44931638E+00
  0.46700 0.45020956E+00
  0.46800 0.45110226E+00
  0.46900 0.45199454E+00
  0.47000 0.45288631E+00
  0.47100 0.45377761E+00
  0.47200 0.45466852E+00
  0.47300 0.45555896E+00
  0.47400 0.45644894E+00
  0.47500 0.45733848E+00
  0.47600 0.45822755E+00
  0.47700 0.45911613E+00
  0.47800 0.46000424E+00
  0.47900 0.46089196E+00
  0.48000 0.46177918E+00
  0.48100 0.46266598E+00
  0.48200 0.46355227E+00
  0.48300 0.46443814E+00
  0.48400 0.46532348E+00
  0.48500 0.46620843E+00
  0.48600 0.46709284E+00
  0.48700 0.46797678E+00
  0.48800 0.46886033E+00
  0.48900 0.46974334E+00
  0.49000 0.47062591E+00
  0.49100 0.47150803E+00
  0.49200 0.47238964E+00
  0.49300 0.47327083E+00
  0.49400 0.47415146E+00
  0.49500 0.47503164E+00
  0.49600 0.47591144E+00
  0.49700 0.47679064E+00
  0.49800 0.47766942E+00
  0.49900 0.47854775E+00
  0.50000 0.47942552E+00
  0.50100 0.48030290E+00
  0.50200 0.48117977E+00
  0.50300 0.48205617E+00
  0.50400 0.48293203E+00
  0.50500 0.48380744E+00
  0.50600 0.48468241E+00
  0.50700 0.48555687E+00
  0.50800 0.48643079E+00
  0.50900 0.48730427E+00
  0.51000 0.48817724E+00
  0.51100 0.48904979E+00
  0.51200 0.48992181E+00
  0.51300 0.49079332E+00
  0.51400 0.49166432E+00
  0.51500 0.49253485E+00
  0.51600 0.49340487E+00
  0.51700 0.49427447E+00
  0.51800 0.49514353E+00
  0.51900 0.49601209E+00
  0.52000 0.49688011E+00
  0.52100 0.49774775E+00
  0.52200 0.49861482E+00
  0.52300 0.49948135E+00
  0.52400 0.50034744E+00
  0.52500 0.50121301E+00
  0.52600 0.50207812E+00
  0.52700 0.50294268E+00
  0.52800 0.50380671E+00
  0.52900 0.50467026E+00
  0.53000 0.50553334E+00
  0.53100 0.50639594E+00
  0.53200 0.50725800E+00
  0.53300 0.50811952E+00
  0.53400 0.50898051E+00
  0.53500 0.50984108E+00
  0.53600 0.51070112E+00
  0.53700 0.51156056E+00
  0.53800 0.51241958E+00
  0.53900 0.51327801E+00
  0.54000 0.51413602E+00
  0.54100 0.51499349E+00
  0.54200 0.51585042E+00
  0.54300 0.51670682E+00
  0.54400 0.51756275E+00
  0.54500 0.51841807E+00
  0.54600 0.51927298E+00
  0.54700 0.52012730E+00
  0.54800 0.52098113E+00
  0.54900 0.52183443E+00
  0.55000 0.52268726E+00
  0.55100 0.52353954E+00
  0.55200 0.52439123E+00
  0.55300 0.52524245E+00
  0.55400 0.52609318E+00
  0.55500 0.52694333E+00
  0.55600 0.52779293E+00
  0.55700 0.52864206E+00
  0.55800 0.52949065E+00
  0.55900 0.53033870E+00
  0.56000 0.53118622E+00
  0.56100 0.53203321E+00
  0.56200 0.53287965E+00
  0.56300 0.53372562E+00
  0.56400 0.53457099E+00
  0.56500 0.53541583E+00
  0.56600 0.53626013E+00
  0.56700 0.53710389E+00
  0.56800 0.53794718E+00
  0.56900 0.53878993E+00
  0.57000 0.53963208E+00
  0.57100 0.54047370E+00
  0.57200 0.54131478E+00
  0.57300 0.54215533E+00
  0.57400 0.54299533E+00
  0.57500 0.54383481E+00
  0.57600 0.54467368E+00
  0.57700 0.54551214E+00
  0.57800 0.54634994E+00
  0.57900 0.54718721E+00
  0.58000 0.54802394E+00
  0.58100 0.54886013E+00
  0.58200 0.54969585E+00
  0.58300 0.55053085E+00
  0.58400 0.55136538E+00
  0.58500 0.55219936E+00
  0.58600 0.55303288E+00
  0.58700 0.55386579E+00
  0.58800 0.55469805E+00
  0.58900 0.55552983E+00
  0.59000 0.55636102E+00
  0.59100 0.55719173E+00
  0.59200 0.55802184E+00
  0.59300 0.55885136E+00
  0.59400 0.55968034E+00
  0.59500 0.56050879E+00
  0.59600 0.56133664E+00
  0.59700 0.56216395E+00
  0.59800 0.56299073E+00
  0.59900 0.56381685E+00
  0.60000 0.56464249E+00
  0.60100 0.56546754E+00
  0.60200 0.56629205E+00
  0.60300 0.56711596E+00
  0.60400 0.56793928E+00
  0.60500 0.56876212E+00
  0.60600 0.56958431E+00
  0.60700 0.57040596E+00
  0.60800 0.57122701E+00
  0.60900 0.57204759E+00
  0.61000 0.57286751E+00
  0.61100 0.57368684E+00
  0.61200 0.57450563E+00
  0.61300 0.57532388E+00
  0.61400 0.57614148E+00
  0.61500 0.57695854E+00
  0.61600 0.57777500E+00
  0.61700 0.57859093E+00
  0.61800 0.57940626E+00
  0.61900 0.58022100E+00
  0.62000 0.58103520E+00
  0.62100 0.58184874E+00
  0.62200 0.58266181E+00
  0.62300 0.58347422E+00
  0.62400 0.58428603E+00
  0.62500 0.58509725E+00
  0.62600 0.58590794E+00
  0.62700 0.58671802E+00
  0.62800 0.58752757E+00
  0.62900 0.58833647E+00
  0.63000 0.58914477E+00
  0.63100 0.58995253E+00
  0.63200 0.59075969E+00
  0.63300 0.59156621E+00
  0.63400 0.59237218E+00
  0.63500 0.59317756E+00
  0.63600 0.59398228E+00
  0.63700 0.59478652E+00
  0.63800 0.59559011E+00
  0.63900 0.59639305E+00
  0.64000 0.59719545E+00
  0.64100 0.59799725E+00
  0.64200 0.59879845E+00
  0.64300 0.59959906E+00
  0.64400 0.60039908E+00
  0.64500 0.60119843E+00
  0.64600 0.60199732E+00
  0.64700 0.60279548E+00
  0.64800 0.60359305E+00
  0.64900 0.60439008E+00
  0.65000 0.60518640E+00
  0.65100 0.60598224E+00
  0.65200 0.60677737E+00
  0.65300 0.60757196E+00
  0.65400 0.60836589E+00
  0.65500 0.60915929E+00
  0.65600 0.60995203E+00
  0.65700 0.61074418E+00
  0.65800 0.61153567E+00
  0.65900 0.61232656E+00
  0.66000 0.61311692E+00
  0.66100 0.61390662E+00
  0.66200 0.61469567E+00
  0.66300 0.61548412E+00
  0.66400 0.61627191E+00
  0.66500 0.61705917E+00
  0.66600 0.61784571E+00
  0.66700 0.61863178E+00
  0.66800 0.61941707E+00
  0.66900 0.62020189E+00
  0.67000 0.62098598E+00
  0.67100 0.62176955E+00
  0.67200 0.62255239E+00
  0.67300 0.62333465E+00
  0.67400 0.62411636E+00
  0.67500 0.62489736E+00
  0.67600 0.62567770E+00
  0.67700 0.62645751E+00
  0.67800 0.62723666E+00
  0.67900 0.62801516E+00
  0.68000 0.62879306E+00
  0.68100 0.62957031E+00
  0.68200 0.63034689E+00
  0.68300 0.63112295E+00
  0.68400 0.63189834E+00
  0.68500 0.63267303E+00
  0.68600 0.63344711E+00
  0.68700 0.63422066E+00
  0.68800 0.63499343E+00
  0.68900 0.63576567E+00
  0.69000 0.63653719E+00
  0.69100 0.63730812E+00
  0.69200 0.63807839E+00
  0.69300 0.63884813E+00
  0.69400 0.63961709E+00
  0.69500 0.64038545E+00
  0.69600 0.64115316E+00
  0.69700 0.64192033E+00
  0.69800 0.64268678E+00
  0.69900 0.64345253E+00
  0.70000 0.64421767E+00
  0.70100 0.64498222E+00
  0.70200 0.64574617E+00
  0.70300 0.64650935E+00
  0.70400 0.64727193E+00
  0.70500 0.64803386E+00
  0.70600 0.64879513E+00
  0.70700 0.64955580E+00
  0.70800 0.65031582E+00
  0.70900 0.65107512E+00
  0.71000 0.65183377E+00
  0.71100 0.65259188E+00
  0.71200 0.65334922E+00
  0.71300 0.65410596E+00
  0.71400 0.65486205E+00
  0.71500 0.65561742E+00
  0.71600 0.65637219E+00
  0.71700 0.65712631E+00
  0.71800 0.65787977E+00
  0.71900 0.65863252E+00
  0.72000 0.65938473E+00
  0.72100 0.66013616E+00
  0.72200 0.66088700E+00
  0.72300 0.66163713E+00
  0.72400 0.66238666E+00
  0.72500 0.66313547E+00
  0.72600 0.66388363E+00
  0.72700 0.66463119E+00
  0.72800 0.66537797E+00
  0.72900 0.66612411E+00
  0.73000 0.66686970E+00
  0.73100 0.66761452E+00
  0.73200 0.66835868E+00
  0.73300 0.66910219E+00
  0.73400 0.66984504E+00
  0.73500 0.67058718E+00
  0.73600 0.67132866E+00
  0.73700 0.67206955E+00
  0.73800 0.67280966E+00
  0.73900 0.67354918E+00
  0.74000 0.67428792E+00
  0.74100 0.67502606E+00
  0.74200 0.67576349E+00
  0.74300 0.67650026E+00
  0.74400 0.67723644E+00
  0.74500 0.67797184E+00
  0.74600 0.67870653E+00
  0.74700 0.67944062E+00
  0.74800 0.68017405E+00
  0.74900 0.68090677E+00
  0.75000 0.68163878E+00
  0.75100 0.68237013E+00
  0.75200 0.68310076E+00
  0.75300 0.68383080E+00
  0.75400 0.68456012E+00
  0.75500 0.68528873E+00
  0.75600 0.68601662E+00
  0.75700 0.68674392E+00
  0.75800 0.68747044E+00
  0.75900 0.68819630E+00
  0.76000 0.68892145E+00
  0.76100 0.68964595E+00
  0.76200 0.69036978E+00
  0.76300 0.69109291E+00
  0.76400 0.69181532E+00
  0.76500 0.69253701E+00
  0.76600 0.69325805E+00
  0.76700 0.69397843E+00
  0.76800 0.69469804E+00
  0.76900 0.69541699E+00
  0.77000 0.69613522E+00
  0.77100 0.69685286E+00
  0.77200 0.69756973E+00
  0.77300 0.69828582E+00
  0.77400 0.69900131E+00
  0.77500 0.69971609E+00
  0.77600 0.70043015E+00
  0.77700 0.70114356E+00
  0.77800 0.70185620E+00
  0.77900 0.70256823E+00
  0.78000 0.70327938E+00
  0.78100 0.70398998E+00
  0.78200 0.70469987E+00
  0.78300 0.70540905E+00
  0.78400 0.70611745E+00
  0.78500 0.70682520E+00
  0.78600 0.70753223E+00
  0.78700 0.70823860E+00
  0.78800 0.70894420E+00
  0.78900 0.70964909E+00
  0.79000 0.71035326E+00
  0.79100 0.71105677E+00
  0.79200 0.71175951E+00
  0.79300 0.71246165E+00
  0.79400 0.71316302E+00
  0.79500 0.71386367E+00
  0.79600 0.71456355E+00
  0.79700 0.71526283E+00
  0.79800 0.71596122E+00
  0.79900 0.71665913E+00
  0.80000 0.71735615E+00
  0.80100 0.71805251E+00
  0.80200 0.71874809E+00
  0.80300 0.71944302E+00
  0.80400 0.72013718E+00
  0.80500 0.72083074E+00
  0.80600 0.72152340E+00
  0.80700 0.72221547E+00
  0.80800 0.72290677E+00
  0.80900 0.72359729E+00
  0.81000 0.72428721E+00
  0.81100 0.72497630E+00
  0.81200 0.72566473E+00
  0.81300 0.72635245E+00
  0.81400 0.72703940E+00
  0.81500 0.72772568E+00
  0.81600 0.72841114E+00
  0.81700 0.72909594E+00
  0.81800 0.72977996E+00
  0.81900 0.73046327E+00
  0.82000 0.73114586E+00
  0.82100 0.73182774E+00
  0.82200 0.73250884E+00
  0.82300 0.73318923E+00
  0.82400 0.73386890E+00
  0.82500 0.73454785E+00
  0.82600 0.73522598E+00
  0.82700 0.73590344E+00
  0.82800 0.73658019E+00
  0.82900 0.73725611E+00
  0.83000 0.73793137E+00
  0.83100 0.73860592E+00
  0.83200 0.73927969E+00
  0.83300 0.73995268E+00
  0.83400 0.74062502E+00
  0.83500 0.74129653E+00
  0.83600 0.74196738E+00
  0.83700 0.74263740E+00
  0.83800 0.74330670E+00
  0.83900 0.74397528E+00
  0.84000 0.74464315E+00
  0.84100 0.74531025E+00
  0.84200 0.74597663E+00
  0.84300 0.74664217E+00
  0.84400 0.74730706E+00
  0.84500 0.74797118E+00
  0.84600 0.74863452E+00
  0.84700 0.74929708E+00
  0.84800 0.74995899E+00
  0.84900 0.75062007E+00
  0.85000 0.75128049E+00
  0.85100 0.75194007E+00
  0.85200 0.75259894E+00
  0.85300 0.75325698E+00
  0.85400 0.75391436E+00
  0.85500 0.75457096E+00
  0.85600 0.75522679E+00
  0.85700 0.75588185E+00
  0.85800 0.75653619E+00
  0.85900 0.75718981E+00
  0.86000 0.75784260E+00
  0.86100 0.75849468E+00
  0.86200 0.75914598E+00
  0.86300 0.75979650E+00
  0.86400 0.76044625E+00
  0.86500 0.76109529E+00
  0.86600 0.76174361E+00
  0.86700 0.76239103E+00
  0.86800 0.76303780E+00
  0.86900 0.76368374E+00
  0.87000 0.76432896E+00
  0.87100 0.76497340E+00
  0.87200 0.76561707E+00
  0.87300 0.76626003E+00
  0.87400 0.76690215E+00
  0.87500 0.76754355E+00
  0.87600 0.76818413E+00
  0.87700 0.76882392E+00
  0.87800 0.76946306E+00
  0.87900 0.77010143E+00
  0.88000 0.77073890E+00
  0.88100 0.77137566E+00
  0.88200 0.77201164E+00
  0.88300 0.77264690E+00
  0.88400 0.77328134E+00
  0.88500 0.77391505E+00
  0.88600 0.77454793E+00
  0.88700 0.77518004E+00
  0.88800 0.77581137E+00
  0.88900 0.77644199E+00
  0.89000 0.77707177E+00
  0.89100 0.77770078E+00
  0.89200 0.77832907E+00
  0.89300 0.77895653E+00
  0.89400 0.77958316E+00
  0.89500 0.78020912E+00
  0.89600 0.78083426E+00
  0.89700 0.78145862E+00
  0.89800 0.78208214E+00
  0.89900 0.78270489E+00
  0.90000 0.78332686E+00
  0.90100 0.78394818E+00
  0.90200 0.78456855E+00
  0.90300 0.78518826E+00
  0.90400 0.78580707E+00
  0.90500 0.78642517E+00
  0.90600 0.78704250E+00
  0.90700 0.78765899E+00
  0.90800 0.78827471E+00
  0.90900 0.78888965E+00
  0.91000 0.78950381E+00
  0.91100 0.79011720E+00
  0.91200 0.79072964E+00
  0.91300 0.79134148E+00
  0.91400 0.79195243E+00
  0.91500 0.79256266E+00
  0.91600 0.79317200E+00
  0.91700 0.79378057E+00
  0.91800 0.79438841E+00
  0.91900 0.79499543E+00
  0.92000 0.79560161E+00
  0.92100 0.79620713E+00
  0.92200 0.79681170E+00
  0.92300 0.79741549E+00
  0.92400 0.79801863E+00
  0.92500 0.79862082E+00
  0.92600 0.79922217E+00
  0.92700 0.79982281E+00
  0.92800 0.80042267E+00
  0.92900 0.80102170E+00
  0.93000 0.80162001E+00
  0.93100 0.80221742E+00
  0.93200 0.80281401E+00
  0.93300 0.80340987E+00
  0.93400 0.80400491E+00
  0.93500 0.80459905E+00
  0.93600 0.80519253E+00
  0.93700 0.80578512E+00
  0.93800 0.80637699E+00
  0.93900 0.80696791E+00
  0.94000 0.80755812E+00
  0.94100 0.80814749E+00
  0.94200 0.80873603E+00
  0.94300 0.80932385E+00
  0.94400 0.80991083E+00
  0.94500 0.81049693E+00
  0.94600 0.81108230E+00
  0.94700 0.81166685E+00
  0.94800 0.81225055E+00
  0.94900 0.81283343E+00
  0.95000 0.81341553E+00
  0.95100 0.81399685E+00
  0.95200 0.81457728E+00
  0.95300 0.81515688E+00
  0.95400 0.81573582E+00
  0.95500 0.81631374E+00
  0.95600 0.81689095E+00
  0.95700 0.81746739E+00
  0.95800 0.81804293E+00
  0.95900 0.81861764E+00
  0.96000 0.81919158E+00
  0.96100 0.81976473E+00
  0.96200 0.82033700E+00
  0.96300 0.82090849E+00
  0.96400 0.82147914E+00
  0.96500 0.82204890E+00
  0.96600 0.82261801E+00
  0.96700 0.82318616E+00
  0.96800 0.82375354E+00
  0.96900 0.82432002E+00
  0.97000 0.82488579E+00
  0.97100 0.82545066E+00
  0.97200 0.82601470E+00
  0.97300 0.82657784E+00
  0.97400 0.82714033E+00
  0.97500 0.82770193E+00
  0.97600 0.82826269E+00
  0.97700 0.82882261E+00
  0.97800 0.82938170E+00
  0.97900 0.82993996E+00
  0.98000 0.83049738E+00
  0.98100 0.83105397E+00
  0.98200 0.83160979E+00
  0.98300 0.83216470E+00
  0.98400 0.83271885E+00
  0.98500 0.83327216E+00
  0.98600 0.83382457E+00
  0.98700 0.83437616E+00
  0.98800 0.83492690E+00
  0.98900 0.83547688E+00
  0.99000 0.83602595E+00
  0.99100 0.83657432E+00
  0.99200 0.83712173E+00
  0.99300 0.83766830E+00
  0.99400 0.83821410E+00
  0.99500 0.83875895E+00
  0.99600 0.83930308E+00
  0.99700 0.83984631E+00
  0.99800 0.84038872E+00
  0.99900 0.84093034E+00
  1.00000 0.84147102E+00
  1.00100 0.84201092E+00
  1.00200 0.84254998E+00
  1.00300 0.84308815E+00
  1.00400 0.84362549E+00
  1.00500 0.84416199E+00
  1.00600 0.84469765E+00
  1.00700 0.84523249E+00
  1.00800 0.84576648E+00
  1.00900 0.84629959E+00
  1.01000 0.84683180E+00
  1.01100 0.84736341E+00
  1.01200 0.84789389E+00
  1.01300 0.84842372E+00
  1.01400 0.84895259E+00
  1.01500 0.84948057E+00
  1.01600 0.85000777E+00
  1.01700 0.85053408E+00
  1.01800 0.85105962E+00
  1.01900 0.85158432E+00
  1.02000 0.85210800E+00
  1.02100 0.85263103E+00
  1.02200 0.85315311E+00
  1.02300 0.85367435E+00
  1.02400 0.85419470E+00
  1.02500 0.85471421E+00
  1.02600 0.85523289E+00
  1.02700 0.85575068E+00
  1.02800 0.85626763E+00
  1.02900 0.85678381E+00
  1.03000 0.85729897E+00
  1.03100 0.85781342E+00
  1.03200 0.85832691E+00
  1.03300 0.85883969E+00
  1.03400 0.85935146E+00
  1.03500 0.85986233E+00
  1.03600 0.86037248E+00
  1.03700 0.86088169E+00
  1.03800 0.86139011E+00
  1.03900 0.86189765E+00
  1.04000 0.86240423E+00
  1.04100 0.86291003E+00
  1.04200 0.86341500E+00
  1.04300 0.86391902E+00
  1.04400 0.86442232E+00
  1.04500 0.86492461E+00
  1.04600 0.86542606E+00
  1.04700 0.86592668E+00
  1.04800 0.86642635E+00
  1.04900 0.86692530E+00
  1.05000 0.86742318E+00
  1.05100 0.86792040E+00
  1.05200 0.86841673E+00
  1.05300 0.86891204E+00
  1.05400 0.86940664E+00
  1.05500 0.86990023E+00
  1.05600 0.87039304E+00
  1.05700 0.87088501E+00
  1.05800 0.87137598E+00
  1.05900 0.87186617E+00
  1.06000 0.87235546E+00
  1.06100 0.87284392E+00
  1.06200 0.87333155E+00
  1.06300 0.87381816E+00
  1.06400 0.87430406E+00
  1.06500 0.87478900E+00
  1.06600 0.87527299E+00
  1.06700 0.87575620E+00
  1.06800 0.87623852E+00
  1.06900 0.87671995E+00
  1.07000 0.87720060E+00
  1.07100 0.87768018E+00
  1.07200 0.87815911E+00
  1.07300 0.87863696E+00
  1.07400 0.87911403E+00
  1.07500 0.87959021E+00
  1.07600 0.88006550E+00
  1.07700 0.88053989E+00
  1.07800 0.88101339E+00
  1.07900 0.88148606E+00
  1.08000 0.88195789E+00
  1.08100 0.88242877E+00
  1.08200 0.88289881E+00
  1.08300 0.88336790E+00
  1.08400 0.88383609E+00
  1.08500 0.88430345E+00
  1.08600 0.88476992E+00
  1.08700 0.88523549E+00
  1.08800 0.88570023E+00
  1.08900 0.88616401E+00
  1.09000 0.88662696E+00
  1.09100 0.88708901E+00
  1.09200 0.88755018E+00
  1.09300 0.88801044E+00
  1.09400 0.88846982E+00
  1.09500 0.88892829E+00
  1.09600 0.88938588E+00
  1.09700 0.88984263E+00
  1.09800 0.89029843E+00
  1.09900 0.89075333E+00
  1.10000 0.89120740E+00
  1.10100 0.89166045E+00
  1.10200 0.89211285E+00
  1.10300 0.89256424E+00
  1.10400 0.89301467E+00
  1.10500 0.89346427E+00
  1.10600 0.89391297E+00
  1.10700 0.89436072E+00
  1.10800 0.89480758E+00
  1.10900 0.89525366E+00
  1.11000 0.89569867E+00
  1.11100 0.89614296E+00
  1.11200 0.89658624E+00
  1.11300 0.89702868E+00
  1.11400 0.89747018E+00
  1.11500 0.89791083E+00
  1.11600 0.89835060E+00
  1.11700 0.89878941E+00
  1.11800 0.89922738E+00
  1.11900 0.89966434E+00
  1.12000 0.90010047E+00
  1.12100 0.90053576E+00
  1.12200 0.90097010E+00
  1.12300 0.90140349E+00
  1.12400 0.90183598E+00
  1.12500 0.90226763E+00
  1.12600 0.90269840E+00
  1.12700 0.90312815E+00
  1.12800 0.90355706E+00
  1.12900 0.90398508E+00
  1.13000 0.90441221E+00
  1.13100 0.90483844E+00
  1.13200 0.90526372E+00
  1.13300 0.90568811E+00
  1.13400 0.90611160E+00
  1.13500 0.90653425E+00
  1.13600 0.90695590E+00
  1.13700 0.90737671E+00
  1.13800 0.90779650E+00
  1.13900 0.90821552E+00
  1.14000 0.90863347E+00
  1.14100 0.90905064E+00
  1.14200 0.90946686E+00
  1.14300 0.90988231E+00
  1.14400 0.91029668E+00
  1.14500 0.91071022E+00
  1.14600 0.91112274E+00
  1.14700 0.91153437E+00
  1.14800 0.91194516E+00
  1.14900 0.91235501E+00
  1.15000 0.91276395E+00
  1.15100 0.91317201E+00
  1.15200 0.91357911E+00
  1.15300 0.91398531E+00
  1.15400 0.91439068E+00
  1.15500 0.91479504E+00
  1.15600 0.91519845E+00
  1.15700 0.91560102E+00
  1.15800 0.91600263E+00
  1.15900 0.91640329E+00
  1.16000 0.91680306E+00
  1.16100 0.91720200E+00
  1.16200 0.91759998E+00
  1.16300 0.91799706E+00
  1.16400 0.91839319E+00
  1.16500 0.91878837E+00
  1.16600 0.91918266E+00
  1.16700 0.91957611E+00
  1.16800 0.91996849E+00
  1.16900 0.92036003E+00
  1.17000 0.92075056E+00
  1.17100 0.92114031E+00
  1.17200 0.92152911E+00
  1.17300 0.92191696E+00
  1.17400 0.92230392E+00
  1.17500 0.92268986E+00
  1.17600 0.92307496E+00
  1.17700 0.92345911E+00
  1.17800 0.92384237E+00
  1.17900 0.92422467E+00
  1.18000 0.92460603E+00
  1.18100 0.92498654E+00
  1.18200 0.92536610E+00
  1.18300 0.92574465E+00
  1.18400 0.92612231E+00
  1.18500 0.92649907E+00
  1.18600 0.92687494E+00
  1.18700 0.92724985E+00
  1.18800 0.92762381E+00
  1.18900 0.92799687E+00
  1.19000 0.92836899E+00
  1.19100 0.92874020E+00
  1.19200 0.92911053E+00
  1.19300 0.92947984E+00
  1.19400 0.92984819E+00
  1.19500 0.93021572E+00
  1.19600 0.93058228E+00
  1.19700 0.93094784E+00
  1.19800 0.93131250E+00
  1.19900 0.93167627E+00
  1.20000 0.93203914E+00
  1.20100 0.93240100E+00
  1.20200 0.93276203E+00
  1.20300 0.93312198E+00
  1.20400 0.93348116E+00
  1.20500 0.93383932E+00
  1.20600 0.93419647E+00
  1.20700 0.93455279E+00
  1.20800 0.93490815E+00
  1.20900 0.93526250E+00
  1.21000 0.93561602E+00
  1.21100 0.93596858E+00
  1.21200 0.93632030E+00
  1.21300 0.93667096E+00
  1.21400 0.93702066E+00
  1.21500 0.93736947E+00
  1.21600 0.93771738E+00
  1.21700 0.93806422E+00
  1.21800 0.93841022E+00
  1.21900 0.93875527E+00
  1.22000 0.93909937E+00
  1.22100 0.93944257E+00
  1.22200 0.93978488E+00
  1.22300 0.94012612E+00
  1.22400 0.94046652E+00
  1.22500 0.94080585E+00
  1.22600 0.94114435E+00
  1.22700 0.94148189E+00
  1.22800 0.94181859E+00
  1.22900 0.94215411E+00
  1.23000 0.94248891E+00
  1.23100 0.94282258E+00
  1.23200 0.94315541E+00
  1.23300 0.94348735E+00
  1.23400 0.94381821E+00
  1.23500 0.94414830E+00
  1.23600 0.94447732E+00
  1.23700 0.94480538E+00
  1.23800 0.94513261E+00
  1.23900 0.94545877E+00
  1.24000 0.94578397E+00
  1.24100 0.94610840E+00
  1.24200 0.94643170E+00
  1.24300 0.94675422E+00
  1.24400 0.94707561E+00
  1.24500 0.94739622E+00
  1.24600 0.94771576E+00
  1.24700 0.94803447E+00
  1.24800 0.94835216E+00
  1.24900 0.94866890E+00
  1.25000 0.94898468E+00
  1.25100 0.94929957E+00
  1.25200 0.94961339E+00
  1.25300 0.94992638E+00
  1.25400 0.95023835E+00
  1.25500 0.95054948E+00
  1.25600 0.95085955E+00
  1.25700 0.95116872E+00
  1.25800 0.95147687E+00
  1.25900 0.95178413E+00
  1.26000 0.95209038E+00
  1.26100 0.95239568E+00
  1.26200 0.95270008E+00
  1.26300 0.95300353E+00
  1.26400 0.95330614E+00
  1.26500 0.95360762E+00
  1.26600 0.95390821E+00
  1.26700 0.95420778E+00
  1.26800 0.95450640E+00
  1.26900 0.95480418E+00
  1.27000 0.95510095E+00
  1.27100 0.95539677E+00
  1.27200 0.95569152E+00
  1.27300 0.95598549E+00
  1.27400 0.95627838E+00
  1.27500 0.95657039E+00
  1.27600 0.95686138E+00
  1.27700 0.95715141E+00
  1.27800 0.95744061E+00
  1.27900 0.95772874E+00
  1.28000 0.95801586E+00
  1.28100 0.95830220E+00
  1.28200 0.95858741E+00
  1.28300 0.95887172E+00
  1.28400 0.95915508E+00
  1.28500 0.95943749E+00
  1.28600 0.95971900E+00
  1.28700 0.95999944E+00
  1.28800 0.96027893E+00
  1.28900 0.96055752E+00
  1.29000 0.96083516E+00
  1.29100 0.96111172E+00
  1.29200 0.96138746E+00
  1.29300 0.96166217E+00
  1.29400 0.96193594E+00
  1.29500 0.96220875E+00
  1.29600 0.96248055E+00
  1.29700 0.96275145E+00
  1.29800 0.96302134E+00
  1.29900 0.96329021E+00
  1.30000 0.96355826E+00
  1.30100 0.96382529E+00
  1.30200 0.96409130E+00
  1.30300 0.96435642E+00
  1.30400 0.96462047E+00
  1.30500 0.96488363E+00
  1.30600 0.96514589E+00
  1.30700 0.96540713E+00
  1.30800 0.96566737E+00
  1.30900 0.96592665E+00
  1.31000 0.96618497E+00
  1.31100 0.96644241E+00
  1.31200 0.96669877E+00
  1.31300 0.96695417E+00
  1.31400 0.96720862E+00
  1.31500 0.96746224E+00
  1.31600 0.96771473E+00
  1.31700 0.96796626E+00
  1.31800 0.96821684E+00
  1.31900 0.96846646E+00
  1.32000 0.96871519E+00
  1.32100 0.96896279E+00
  1.32200 0.96920961E+00
  1.32300 0.96945524E+00
  1.32400 0.96970010E+00
  1.32500 0.96994394E+00
  1.32600 0.97018671E+00
  1.32700 0.97042871E+00
  1.32800 0.97066951E+00
  1.32900 0.97090948E+00
  1.33000 0.97114837E+00
  1.33100 0.97138643E+00
  1.33200 0.97162348E+00
  1.33300 0.97185946E+00
  1.33400 0.97209460E+00
  1.33500 0.97232872E+00
  1.33600 0.97256184E+00
  1.33700 0.97279394E+00
  1.33800 0.97302508E+00
  1.33900 0.97325540E+00
  1.34000 0.97348464E+00
  1.34100 0.97371280E+00
  1.34200 0.97394019E+00
  1.34300 0.97416651E+00
  1.34400 0.97439182E+00
  1.34500 0.97461617E+00
  1.34600 0.97483963E+00
  1.34700 0.97506195E+00
  1.34800 0.97528344E+00
  1.34900 0.97550392E+00
  1.35000 0.97572345E+00
  1.35100 0.97594190E+00
  1.35200 0.97615951E+00
  1.35300 0.97637612E+00
  1.35400 0.97659159E+00
  1.35500 0.97680622E+00
  1.35600 0.97701985E+00
  1.35700 0.97723246E+00
  1.35800 0.97744423E+00
  1.35900 0.97765487E+00
  1.36000 0.97786462E+00
  1.36100 0.97807336E+00
  1.36200 0.97828120E+00
  1.36300 0.97848797E+00
  1.36400 0.97869378E+00
  1.36500 0.97889864E+00
  1.36600 0.97910249E+00
  1.36700 0.97930533E+00
  1.36800 0.97950721E+00
  1.36900 0.97970819E+00
  1.37000 0.97990817E+00
  1.37100 0.98010707E+00
  1.37200 0.98030502E+00
  1.37300 0.98050207E+00
  1.37400 0.98069811E+00
  1.37500 0.98089314E+00
  1.37600 0.98108715E+00
  1.37700 0.98128021E+00
  1.37800 0.98147237E+00
  1.37900 0.98166347E+00
  1.38000 0.98185360E+00
  1.38100 0.98204279E+00
  1.38200 0.98223090E+00
  1.38300 0.98241806E+00
  1.38400 0.98260432E+00
  1.38500 0.98278958E+00
  1.38600 0.98297375E+00
  1.38700 0.98315704E+00
  1.38800 0.98333925E+00
  1.38900 0.98352051E+00
  1.39000 0.98370081E+00
  1.39100 0.98388016E+00
  1.39200 0.98405850E+00
  1.39300 0.98423588E+00
  1.39400 0.98441225E+00
  1.39500 0.98458755E+00
  1.39600 0.98476207E+00
  1.39700 0.98493540E+00
  1.39800 0.98510790E+00
  1.39900 0.98527938E+00
  1.40000 0.98544979E+00
  1.40100 0.98561925E+00
  1.40200 0.98578769E+00
  1.40300 0.98595518E+00
  1.40400 0.98612177E+00
  1.40500 0.98628730E+00
  1.40600 0.98645186E+00
  1.40700 0.98661536E+00
  1.40800 0.98677796E+00
  1.40900 0.98693955E+00
  1.41000 0.98710012E+00
  1.41100 0.98725975E+00
  1.41200 0.98741847E+00
  1.41300 0.98757601E+00
  1.41400 0.98773271E+00
  1.41500 0.98788834E+00
  1.41600 0.98804301E+00
  1.41700 0.98819661E+00
  1.41800 0.98834932E+00
  1.41900 0.98850113E+00
  1.42000 0.98865175E+00
  1.42100 0.98880160E+00
  1.42200 0.98895025E+00
  1.42300 0.98909801E+00
  1.42400 0.98924482E+00
  1.42500 0.98939061E+00
  1.42600 0.98953539E+00
  1.42700 0.98967922E+00
  1.42800 0.98982197E+00
  1.42900 0.98996377E+00
  1.43000 0.99010468E+00
  1.43100 0.99024439E+00
  1.43200 0.99038327E+00
  1.43300 0.99052113E+00
  1.43400 0.99065799E+00
  1.43500 0.99079388E+00
  1.43600 0.99092877E+00
  1.43700 0.99106270E+00
  1.43800 0.99119556E+00
  1.43900 0.99132746E+00
  1.44000 0.99145836E+00
  1.44100 0.99158835E+00
  1.44200 0.99171728E+00
  1.44300 0.99184525E+00
  1.44400 0.99197215E+00
  1.44500 0.99209809E+00
  1.44600 0.99222308E+00
  1.44700 0.99234706E+00
  1.44800 0.99247003E+00
  1.44900 0.99259204E+00
  1.45000 0.99271309E+00
  1.45100 0.99283296E+00
  1.45200 0.99295205E+00
  1.45300 0.99307007E+00
  1.45400 0.99318713E+00
  1.45500 0.99330306E+00
  1.45600 0.99341822E+00
  1.45700 0.99353224E+00
  1.45800 0.99364525E+00
  1.45900 0.99375737E+00
  1.46000 0.99386841E+00
  1.46100 0.99397844E+00
  1.46200 0.99408758E+00
  1.46300 0.99419564E+00
  1.46400 0.99430275E+00
  1.46500 0.99440891E+00
  1.46600 0.99451387E+00
  1.46700 0.99461800E+00
  1.46800 0.99472117E+00
  1.46900 0.99482328E+00
  1.47000 0.99492437E+00
  1.47100 0.99502456E+00
  1.47200 0.99512368E+00
  1.47300 0.99522173E+00
  1.47400 0.99531889E+00
  1.47500 0.99541509E+00
  1.47600 0.99551022E+00
  1.47700 0.99560446E+00
  1.47800 0.99569762E+00
  1.47900 0.99578971E+00
  1.48000 0.99588096E+00
  1.48100 0.99597108E+00
  1.48200 0.99606019E+00
  1.48300 0.99614847E+00
  1.48400 0.99623561E+00
  1.48500 0.99632186E+00
  1.48600 0.99640697E+00
  1.48700 0.99649119E+00
  1.48800 0.99657446E+00
  1.48900 0.99665654E+00
  1.49000 0.99673778E+00
  1.49100 0.99681801E+00
  1.49200 0.99689716E+00
  1.49300 0.99697542E+00
  1.49400 0.99705261E+00
  1.49500 0.99712884E+00
  1.49600 0.99720407E+00
  1.49700 0.99727839E+00
  1.49800 0.99735147E+00
  1.49900 0.99742389E+00
  1.50000 0.99749506E+00
  1.50100 0.99756533E+00
  1.50200 0.99763453E+00
  1.50300 0.99770278E+00
  1.50400 0.99777001E+00
  1.50500 0.99783629E+00
  1.50600 0.99790156E+00
  1.50700 0.99796575E+00
  1.50800 0.99802899E+00
  1.50900 0.99809128E+00
  1.51000 0.99815261E+00
  1.51100 0.99821275E+00
  1.51200 0.99827206E+00
  1.51300 0.99833030E+00
  1.51400 0.99838758E+00
  1.51500 0.99844378E+00
  1.51600 0.99849910E+00
  1.51700 0.99855340E+00
  1.51800 0.99860668E+00
  1.51900 0.99865890E+00
  1.52000 0.99871022E+00
  1.52100 0.99876046E+00
  1.52200 0.99880975E+00
  1.52300 0.99885803E+00
  1.52400 0.99890536E+00
  1.52500 0.99895155E+00
  1.52600 0.99899691E+00
  1.52700 0.99904114E+00
  1.52800 0.99908441E+00
  1.52900 0.99912673E+00
  1.53000 0.99916804E+00
  1.53100 0.99920833E+00
  1.53200 0.99924761E+00
  1.53300 0.99928582E+00
  1.53400 0.99932319E+00
  1.53500 0.99935943E+00
  1.53600 0.99939466E+00
  1.53700 0.99942899E+00
  1.53800 0.99946231E+00
  1.53900 0.99949455E+00
  1.54000 0.99952590E+00
  1.54100 0.99955606E+00
  1.54200 0.99958545E+00
  1.54300 0.99961376E+00
  1.54400 0.99964106E+00
  1.54500 0.99966741E+00
  1.54600 0.99969262E+00
  1.54700 0.99971700E+00
  1.54800 0.99974024E+00
  1.54900 0.99976254E+00
  1.55000 0.99978375E+00
  1.55100 0.99980414E+00
  1.55200 0.99982345E+00
  1.55300 0.99984169E+00
  1.55400 0.99985904E+00
  1.55500 0.99987531E+00
  1.55600 0.99989069E+00
  1.55700 0.99990487E+00
  1.55800 0.99991828E+00
  1.55900 0.99993050E+00
  1.56000 0.99994183E+00
  1.56100 0.99995208E+00
  1.56200 0.99996138E+00
  1.56300 0.99996960E+00
  1.56400 0.99997693E+00
  1.56500 0.99998331E+00
  1.56600 0.99998868E+00
  1.56700 0.99999291E+00
  1.56800 0.99999619E+00
  1.56900 0.99999845E+00
  1.57000 0.99999982E+00
  1.57100 0.10000001E+01
  1.57200 0.99999928E+00
  1.57300 0.99999768E+00
  1.57400 0.99999487E+00
  1.57500 0.99999130E+00
  1.57600 0.99998653E+00
  1.57700 0.99998087E+00
  1.57800 0.99997413E+00
  1.57900 0.99996644E+00
  1.58000 0.99995774E+00
  1.58100 0.99994797E+00
  1.58200 0.99993730E+00
  1.58300 0.99992555E+00
  1.58400 0.99991292E+00
  1.58500 0.99989921E+00
  1.58600 0.99988449E+00
  1.58700 0.99986881E+00
  1.58800 0.99985212E+00
  1.58900 0.99983436E+00
  1.59000 0.99981570E+00
  1.59100 0.99979597E+00
  1.59200 0.99977535E+00
  1.59300 0.99975353E+00
  1.59400 0.99973094E+00
  1.59500 0.99970716E+00
  1.59600 0.99968249E+00
  1.59700 0.99965680E+00
  1.59800 0.99963015E+00
  1.59900 0.99960232E+00
  1.60000 0.99957365E+00